45
66
77
22
45
87
45
46
78
54
73
87
45
13
45
66
77
22
45
87
45
46
78
54
73
87
45
13
45
66
77
22
45
87
45
46
78
54
73
87
45
13
45
66
77
22
45
87
45
46
78
54
73
87
45
13
45
66
77
22
45
87
45
46
78
54
73
87
45
13
45
66
77
22
45
87
45
46
78
54
73
87
45
13
45
66
77
22
45
87
45
46
78
54
73
87
45
13
45
66
77
22
45
87
45
46
78
54
73
87
45
13
45
66
77
22
45
87
45
46
78
54
73
87
45
13
45
66
77
22
45
87
45
46
78
54
73
87
45
13
45
66
77
22
45
87
45
46
78
54
73
87
45
13
