noise_LAeq
37.78
37.78
37.79
37.8
37.77
37.83
37.82
37.82
37.87
37.85
37.89
37.87
37.93
37.92
37.92
37.91
37.87
37.87
37.87
37.88
37.93
37.9
37.94
37.9
37.97
38.01
37.98
38.04
38.1
38.08
38.14
38.15
38.17
38.18
38.18
38.16
38.13
38.19
38.17
38.13
38.17
38.15
38.17
38.19
38.23
38.25
38.28
38.46
38.41
38.34
38.31
38.26
38.25
38.25
38.27
38.28
38.28
38.28
38.27
38.27
38.22
38.23
38.27
38.33
38.3
38.24
38.33
38.42
38.53
38.84
39.28
39.82
40.01
40.05
40.14
40.2
40.24
40.21
40.06
40.07
40.09
40.2
40.13
40.07
40.12
40.18
40.2
40.21
40.21
40.18
40.18
40.16
40.2
40.18
40.13
40.16
40.18
40.15
40.09
40.15
40.14
40.08
40.14
40.17
40.12
40.12
40.1
40.1
40.09
40.18
40.26
40.36
40.37
40.4
40.4
40.37
40.31
40.3
40.29
40.34
40.34
40.33
40.27
40.26
40.26
40.29
40.25
40.25
40.23
40.25
40.22
40.24
40.25
40.21
40.22
40.21
40.2
41.2
40.2
40.22
40.26
40.25
40.26
40.33
40.34
40.38
40.4
40.42
40.42
40.43
40.47
40.41
40.4
40.39
40.34
40.39
40.37
40.33
40.34
40.34
40.38
40.42
40.37
40.35
40.34
40.32
40.32
40.27
40.29
40.3
40.28
40.26
40.29
40.26
40.3
40.31
40.27
40.24
40.26
40.22
40.2
40.19
40.2
40.19
40.1
40.07
40.02
40.04
40
39.93
39.92
39.88
39.88
39.81
39.79
39.74
39.75
39.71
39.71
39.69
39.66
39.66
39.61
39.58
39.55
39.62
39.51
39.51
39.52
39.47
39.46
39.43
39.36
39.42
39.32
39.35
39.35
39.33
39.32
39.38
39.34
39.31
39.34
39.23
39.22
39.25
39.22
39.2
39.32
39.29
39.39
39.33
39.29
39.27
39.21
39.18
39.15
39.21
39.2
39.15
39.18
39.13
39.22
39.15
39.19
39.41
39.08
39.1
39.14
39.21
39.24
39.16
39.18
39.11
39.05
39.09
39.01
39.03
39.1
39.04
38.97
39.18
39
38.9
38.92
38.97
39.08
39.02
38.9
38.93
38.85
38.9
38.86
38.88
38.9
38.93
38.89
38.87
38.85
38.84
38.87
38.87
38.83
38.84
38.85
38.86
38.95
38.96
38.9
38.85
38.93
38.85
38.86
38.87
38.86
38.83
38.89
38.93
38.86
38.89
38.9
38.86
38.88
38.89
38.94
39.04
38.94
38.95
39.03
38.93
38.83
38.85
39.07
38.97
39.08
39.02
39.03
38.92
39.07
38.92
38.94
39.09
38.94
38.98
38.91
38.94
38.99
39
38.98
38.99
38.95
38.91
38.91
38.95
38.99
39.04
38.94
38.99
38.91
38.84
38.86
38.83
38.88
38.94
38.92
38.88
38.88
38.95
38.97
38.93
38.94
39.18
38.93
38.96
38.89
38.84
38.86
38.88
38.83
39.06
38.72
38.77
38.76
38.77
38.86
38.7
38.73
38.77
38.78
38.79
38.86
38.79
38.74
38.76
38.74
38.71
38.72
38.8
38.9
38.82
38.82
40.11
38.77
38.75
38.78
38.78
38.79
38.8
38.87
38.8
38.89
38.84
38.85
38.87
38.99
38.94
38.93
38.98
39.04
39.07
39.12
39.17
39.2
39.26
39.23
39.3
39.34
39.47
39.54
39.67
39.88
40.02
40.12
40.16
40.23
40.27
40.28
40.31
40.29
40.29
40.29
40.29
40.26
40.3
40.23
40.26
40.22
40.19
40.19
40.2
40.18
40.19
40.22
40.23
40.2
40.2
40.18
40.18
40.2
40.2
40.19
40.18
40.17
40.17
40.16
40.17
40.18
40.15
40.14
40.14
40.13
40.14
40.13
40.12
40.12
40.13
40.11
40.13
40.09
40.08
40.06
40.02
40.05
40.01
39.99
39.98
39.96
39.93
39.9
39.88
39.87
39.8
39.79
39.74
39.78
39.87
39.9
39.98
40
40.01
39.97
39.95
39.9
39.91
39.92
39.88
39.93
39.93
39.97
39.97
39.99
40.01
39.98
39.98
39.92
39.85
39.81
39.87
39.83
39.77
39.78
39.73
39.77
39.77
39.78
39.7
39.67
39.66
39.75
39.61
39.61
39.54
39.53
39.5
39.54
39.49
39.55
39.6
39.65
39.74
39.84
39.84
39.86
39.8
39.78
39.74
39.75
39.77
39.77
39.8
39.9
39.93
39.94
39.94
39.94
39.89
39.77
39.72
39.74
39.83
39.82
39.82
39.81
39.85
39.87
39.88
39.87
39.85
39.81
39.84
39.9
39.95
40.03
40.06
40.1
40.11
40.12
40.12
40.14
40.16
40.18
40.18
40.18
40.18
