noise_LAeq
43.01
43.59
44.19
43.48
43.96
43.39
42.5
42.37
41.93
42.17
42.86
42.17
42.62
43.16
42.81
43.66
42.92
42.73
42.99
40.22
38.52
38.56
39.16
39.04
38.86
39.22
40.95
39.12
39.48
38.81
44.8
44.03
42.19
39.74
36.9
37.28
36.57
36.45
36.65
37.77
36.53
36.87
36.52
36.53
36.74
36.54
36.48
36.48
36.94
36.62
36.54
36.47
36.48
36.52
36.55
37.52
36.61
36.52
36.49
36.87
36.68
36.44
36.42
36.43
36.87
36.46
36.62
37.14
36.6
36.51
36.51
36.54
36.53
37.1
36.51
37.09
36.56
36.59
36.86
36.66
36.63
36.46
36.91
36.48
36.78
36.53
36.89
36.53
36.47
36.6
36.5
36.52
36.73
36.68
37.54
36.61
36.85
36.61
36.68
36.86
36.63
37.21
36.77
36.57
36.54
37.46
36.81
36.55
36.65
37.07
36.54
37.66
37.98
36.87
36.73
37.2
36.67
36.66
36.6
36.57
37.23
36.93
36.68
36.76
36.98
36.65
37.64
37.21
36.86
37.63
36.56
37.53
36.75
36.89
37.55
37.94
37.54
37.41
38.02
37.38
36.81
36.59
37.15
37.62
38.36
37.1
36.5
37.23
37.12
37.94
36.67
36.69
36.85
37.06
36.84
37.02
37.35
37.27
36.77
36.72
36.79
38.3
36.98
37.06
37.41
37.23
37.7
37.12
37.21
36.85
37.05
37.37
37.75
37.13
37.24
37.25
36.87
37.14
36.75
37.22
37.35
37.29
37.1
37.08
36.95
37.47
36.92
37.58
37.29
37.17
37.63
37.52
37.61
37.18
37.12
36.96
36.73
38.04
37.7
43.13
36.98
37.63
37
36.98
37.11
37.2
37.69
39.54
39.55
37.74
38.86
37.87
38.4
37.36
37.68
37.34
37.74
37.2
37.5
37.42
37.49
37.54
37.31
37.95
37.47
37.42
37.28
38.82
41.27
37.98
37.95
37.71
37.97
37.53
37.58
37.74
38.1
37.56
38.08
37.59
38.45
37.92
37.99
42.27
46.75
43.92
47.16
44.28
45.12
44.07
44.41
44.03
43.73
43.47
44.18
44.05
43.53
43.14
43.79
42.83
43.42
44.71
43.54
43.71
43.53
42.86
43.94
47.16
46.76
48.09
44.38
43.98
43.76
43.8
43.24
46.14
49.48
57.08
60.48
40.48
40.92
44.7
42.06
54.97
58.2
58.84
60.89
54.96
42.15
46.04
46.04
40.61
39.8
42.87
40.82
41.38
40.7
40.79
41.18
41.67
45.69
51.27
41.93
41.85
41.74
42.06
42.95
41.41
43
41.37
41.59
47.63
43.24
42.26
42.16
41.72
42.76
42.25
41.77
41.93
41.97
42.75
42.94
40.97
41.67
40.57
41.56
40.23
40.06
39.28
39.75
39.26
39.58
39.54
39.54
42.75
41.56
43.66
40.33
41.76
40.48
40.4
40.48
42.04
40.62
42.1
40.62
42.51
42.3
39.61
38.96
42.5
40.25
39.98
40.1
41.18
40.6
45.78
47.92
40.71
41.7
41.45
40.95
40.08
39.48
40.12
39.87
40.06
39.98
39.42
39.2
52.77
39.89
53.3
41.37
43.39
41.74
41.99
45.78
45.47
43.42
40.54
40.24
43.04
42.67
42.02
40.26
44.39
40.62
40.7
40.37
41.52
41.22
41.48
43.98
39.59
39.85
41.14
41.22
52.49
40.94
39.66
48.95
39.6
41.55
42.39
40.1
39.85
43.3
54.91
38.83
38.2
44.8
38.32
37.86
37.8
37.47
38.87
37.92
42.35
38.19
39.76
42.89
38.11
38.52
38.12
38
37.89
39.27
37.93
40.78
38.16
38.36
38.79
38.14
38.77
38
38.1
37.99
38.24
48.58
39.42
37.98
37.88
37.77
38.17
37.9
38.05
37.93
38.84
39.18
37.74
37.64
37.22
37.77
37.48
38.03
37.83
38.03
38.09
38.13
37.8
38.01
39.25
38.05
49.68
53.77
37.91
38.66
39.61
38.99
38.93
38.43
39.88
38.6
44.6
38.01
43.49
42.65
38.11
38.91
38.77
46.28
38.59
38.68
38.62
42.75
38.77
38.58
37.4
38.18
41.61
38.2
38.36
38.27
37.87
40.25
38.14
38.59
38.22
38.15
38.17
38.05
38.28
47.78
39.65
38.68
39.5
40.13
39.55
41.66
40.39
43.83
38.38
38.68
39.27
42.16
42.86
37.97
38.11
38.19
41.66
40.19
44.41
40.12
46.52
39.83
43.97
39.07
42.72
47.23
43.53
41.17
38.03
45.16
39.02
37.88
39.23
39.22
38.11
39.87
39.3
39.38
37.72
37.64
38.27
38.22
38.15
38.12
39.29
37.65
37.94
37.68
37.61
38.01
37.86
37.51
37.82
38.43
38.17
37.58
39.03
40.1
40.16
53.69
44.75
36.62
36.81
40.47
42.45
39.24
36.73
