noise_LAeq
41.34
40.75
38.73
39.7
38.69
38.08
38.04
37.7
37.73
45.65
37.69
37.79
37.67
37.77
38.21
37.82
38.01
37.92
38.27
38.34
38.63
38.03
38.11
41.27
38.34
39.54
40.83
40.85
40.01
39.17
39.22
39.08
57.08
39.27
38.06
38.25
38.31
38.42
38.51
38.64
38.38
38.47
39.91
41.2
39.53
38.33
38.74
39.2
39.07
39.4
39.55
40.01
40.22
40.08
40.82
42.02
42.02
41.57
41.52
41.79
41.58
42.29
46.99
40.88
41.05
41.64
41.06
41.91
41.24
40.39
39.6
38.91
39.06
40.09
40.01
39.95
41.01
39.87
38.71
39.08
39.11
40.87
40.8
39.35
42.97
42.04
42.78
45.3
48.58
48.39
47.52
46.87
46.02
46.18
46.16
47.01
45.06
45.52
40.94
40.4
40.48
40.45
43.21
42.1
41.89
49.61
43.65
41.8
44.43
43.07
43.84
44.56
46.14
45.37
58.28
56.15
57.24
56.07
56.07
47.02
42.14
53.66
42.35
48.02
44.56
46.81
48.86
48.76
43.76
55.29
48.55
48.78
45.84
44.63
47.85
48.17
46.47
41.99
48.58
50.17
50.41
47.82
47.76
51.56
50.81
48.76
47.14
49.79
49.53
53.49
47.4
49.11
50.43
46.55
50.91
48.79
46.26
50.39
56.29
55.09
50.33
44.11
48.18
53.89
52.18
52.49
53.51
51.6
52.14
49.7
50.51
45.93
52.11
44.67
49.41
53.42
50.9
51.08
47.5
48.22
50.67
47.97
51.07
50.03
49.63
48.36
56.95
50.43
48.57
48.44
48.15
52.9
54.21
49.05
51.66
45.7
49.63
47.9
48.98
47.02
47.06
48.83
47.31
50.05
44.23
47.56
49.01
49.5
46.45
54.45
48.87
49.58
53.14
49.81
54.91
48.97
46.64
47.51
46
49.8
50.78
47.16
47.88
52.57
49.6
48.28
46.56
53.89
48.19
52.28
51.38
47.95
51.37
48.74
48.16
43.99
48.85
49.32
45.58
46.5
42.55
49.69
47
54.19
51.48
49.51
49.71
47.93
49.98
47.07
46.59
47.66
51.57
51.63
43.57
47.75
47.95
45.23
49.85
48.51
44.48
46.95
46.08
49.87
50.8
50.42
45.19
48.95
44.84
49.49
47.05
46.83
51.14
45.85
49.85
57.95
57.06
49.6
49.02
48.69
57.66
49.29
51.87
46.49
47.24
51.8
46.99
45.95
49.46
49.97
48.7
45.07
51.76
51.35
48.35
46.26
52.91
53.33
49.82
48.62
46.89
47.77
50.49
50.63
48.49
51.85
48.67
49.27
47.42
48.93
50.52
50.01
51.1
59.11
44.38
49.97
46.37
47.97
46.6
49.07
50.98
47.58
47.84
51.1
57.16
51.69
50.8
52.18
47.4
52.64
52.48
48.56
49.81
46.12
47.39
53.7
51.28
49.11
54.82
53.18
49.02
58.66
47.78
45.38
51.7
49.33
47.44
50.8
47.69
47.57
48.81
48.66
49.09
47.1
47.95
48.22
55.52
55.32
51.79
47.78
52.13
52.39
53.46
52
53.18
47.92
49.4
44.92
50.29
55.44
54.09
52.63
49.87
47.6
51.66
54.05
48.51
47.51
49.62
51.05
50.18
45.63
49.49
47.68
46.54
47.54
49.97
55.96
55.59
52.83
50.46
49.43
48.64
47.77
47.24
50.26
48.58
49
51.33
52.76
51.01
48.89
48.43
50.84
49.78
50.55
53.8
51.75
48.45
48.77
47.62
46.5
55.11
48.49
50.97
46.79
50.28
45.86
49.94
47.08
48.03
47.47
47.42
50.15
47.31
49.47
47.88
43.81
47.49
43.85
46.2
45.45
45.95
47.64
46.42
43.22
48.5
48.12
45.92
43.11
57.1
44.23
43.2
43.28
45.22
49.24
50.34
40.5
44.85
41.25
42.27
40.84
40.85
41.24
46.3
46.52
43.24
40.62
42.66
40.6
47.17
40.89
47.3
39.24
41.22
41.74
46.84
43.54
44.77
39.93
47.49
38.81
43.6
39.24
45.6
46.14
41.68
50.08
42.67
43.61
41.77
43.98
41.48
43.66
47.42
44.43
42.35
43.24
40.79
40.95
42.48
41.43
42.66
41.76
46.39
39.8
45.3
39.98
40.42
41.47
41.75
42.1
42.66
46.5
39.84
39.9
43.6
38.84
44.25
41.95
49.2
41.9
40.36
41.97
40.12
38.55
42.52
37.85
37.94
43.54
43.94
38.47
38.39
38.28
37.82
41.01
41.39
37.82
38.31
38.59
42.29
40.15
39.08
37.81
38.06
43.34
38.44
40.75
41.18
41.31
40.02
41.63
42.19
38.19
38.38
42.02
39.13
38.43
41.17
38.34
43.64
41.99
38.49
38.28
40.44
37.79
37.89
37.61
